DIRECT, 1, TOTAL, 5.5521, 11.3587, 9.25843, 12.198, 8.32781
DIRECT, 1, CONV, 2.88262, 9.99546, 7.71706, 10.4105, 6.92723
DIRECT, 1, OVERHEAD, 0.393088, 0.158144, 0.114208, 0.219552, 0.151232
DIRECT, 2, TOTAL, 9.69718, 22.1665, 17.2316, 23.1319, 15.4762
DIRECT, 2, CONV, 5.73776, 19.9019, 15.285, 20.5812, 13.6405
DIRECT, 2, OVERHEAD, 0.780608, 0.316352, 0.228864, 0.438496, 0.295552
DIRECT, 4, TOTAL, 17.0757, 39.3436, 30.063, 41.5273, 27.3405
DIRECT, 4, CONV, 10.3848, 35.6456, 27.2972, 37.6299, 24.3044
DIRECT, 4, OVERHEAD, 1.40198, 0.574528, 0.408608, 0.77584, 0.540224
DIRECT, 8, TOTAL, 33.0513, 77.7397, 59.495, 83.3086, 53.602
DIRECT, 8, CONV, 20.8601, 71.2299, 54.779, 75.7991, 48.533
DIRECT, 8, OVERHEAD, 2.79773, 1.14077, 0.823008, 1.57325, 1.0833
DIRECT, 1, TOTAL, 4.7696, 10.4987, 8.48877, 11.6064, 7.57914
DIRECT, 1, CONV, 2.58813, 8.96416, 6.92189, 9.33917, 6.20883
DIRECT, 1, OVERHEAD, 0.35248, 0.143424, 0.100448, 0.198432, 0.136832
DIRECT, 2, TOTAL, 8.99626, 20.2392, 15.853, 21.382, 14.4104
DIRECT, 2, CONV, 5.14842, 17.8565, 13.7142, 18.5253, 12.235
DIRECT, 2, OVERHEAD, 0.694144, 0.28912, 0.20704, 0.391136, 0.265216
DIRECT, 4, TOTAL, 16.7771, 39.2696, 30.2008, 41.7062, 27.328
DIRECT, 4, CONV, 10.3875, 35.6381, 27.3021, 37.6002, 24.3083
DIRECT, 4, OVERHEAD, 1.39638, 0.569504, 0.421536, 0.786784, 0.53936
DIRECT, 8, TOTAL, 32.9497, 77.3345, 59.4833, 83.3243, 53.6474
DIRECT, 8, CONV, 20.8596, 71.2276, 54.7762, 75.7949, 48.5319
DIRECT, 8, OVERHEAD, 2.79434, 1.14896, 0.815936, 1.55747, 1.07466
DIRECT, 1, TOTAL, 4.75408, 10.3142, 8.27408, 11.0293, 7.47898
DIRECT, 1, CONV, 2.58499, 8.96979, 6.9184, 9.32979, 6.20429
DIRECT, 1, OVERHEAD, 0.352, 0.143616, 0.102176, 0.19696, 0.134496
DIRECT, 2, TOTAL, 9.01574, 19.9825, 15.8664, 21.1567, 14.0737
DIRECT, 2, CONV, 5.14733, 17.8531, 13.7166, 18.522, 12.2294
DIRECT, 2, OVERHEAD, 0.700864, 0.286336, 0.203008, 0.385856, 0.267104
DIRECT, 4, TOTAL, 16.9268, 39.2582, 30.2741, 41.7204, 27.4351
DIRECT, 4, CONV, 10.3841, 35.6417, 27.3002, 37.5847, 24.3073
DIRECT, 4, OVERHEAD, 1.40154, 0.568544, 0.406336, 0.787008, 0.537792
DIRECT, 8, TOTAL, 33.2213, 77.9845, 59.379, 82.8606, 53.7787
DIRECT, 8, CONV, 20.8622, 71.2338, 54.7876, 75.6495, 48.5909
DIRECT, 8, OVERHEAD, 2.78912, 1.13382, 0.814112, 1.55702, 1.0727
IM2COL, 1, TOTAL, 1.71997, 1.92918, 1.66106, 1.90192, 1.46496
IM2COL, 1, CONV, 0.172832, 0.23312, 0.100032, 0.173536, 0.121312
IM2COL, 1, OVERHEAD, 0.01, 0.01, 0.01, 0.01, 0.01
IM2COL, 2, TOTAL, 2.9073, 2.57651, 2.15792, 2.34992, 1.81792
IM2COL, 2, CONV, 0.2, 0.455488, 0.188672, 0.33824, 0.257696
IM2COL, 2, OVERHEAD, 0.01, 0.01, 0.01, 0.01, 0.01
IM2COL, 4, TOTAL, 4.37434, 4.08576, 2.81251, 3.32035, 2.63062
IM2COL, 4, CONV, 0.402784, 0.90816, 0.388064, 0.666112, 0.46512
IM2COL, 4, OVERHEAD, 0.01, 0.01, 0.01, 0.01, 0.01
IM2COL, 8, TOTAL, 7.53958, 7.12931, 3.9753, 5.4705, 4.05178
IM2COL, 8, CONV, 0.771584, 1.80074, 0.733024, 1.32826, 0.921472
IM2COL, 8, OVERHEAD, 0.01, 0.01, 0.01, 0.01, 0.01
IM2COL, 1, TOTAL, 1.81475, 1.6496, 1.66598, 2.1113, 1.51622
IM2COL, 1, CONV, 0.103008, 0.23152, 0.09984, 0.171328, 0.120256
IM2COL, 1, OVERHEAD, 0.01, 0.01, 0.01, 0.01, 0.01
IM2COL, 2, TOTAL, 2.74624, 2.56083, 2.07168, 2.4367, 1.97574
IM2COL, 2, CONV, 0.19584, 0.456256, 0.188128, 0.33728, 0.234848
IM2COL, 2, OVERHEAD, 0.01, 0.01, 0.01, 0.01, 0.01
IM2COL, 4, TOTAL, 4.22272, 4.01046, 2.62701, 3.4769, 2.61846
IM2COL, 4, CONV, 0.392512, 0.90592, 0.369888, 0.666208, 0.46416
IM2COL, 4, OVERHEAD, 0.01, 0.01, 0.01, 0.01, 0.01
IM2COL, 8, TOTAL, 7.43574, 6.92054, 3.68032, 5.36496, 4.04883
IM2COL, 8, CONV, 0.77552, 1.80269, 0.729184, 1.32554, 0.92048
IM2COL, 8, OVERHEAD, 0.01, 0.01, 0.01, 0.01, 0.01
IM2COL, 1, TOTAL, 1.67744, 1.70506, 1.59056, 1.80662, 1.42912
IM2COL, 1, CONV, 0.105408, 0.232544, 0.099232, 0.172128, 0.12176
IM2COL, 1, OVERHEAD, 0.01, 0.01, 0.01, 0.01, 0.01
IM2COL, 2, TOTAL, 2.84877, 2.55981, 2.07603, 2.50525, 1.77027
IM2COL, 2, CONV, 0.209408, 0.457408, 0.191232, 0.339584, 0.251712
IM2COL, 2, OVERHEAD, 0.01, 0.01, 0.01, 0.01, 0.01
IM2COL, 4, TOTAL, 4.3759, 4.42669, 2.76026, 3.70458, 2.88394
IM2COL, 4, CONV, 0.397216, 0.911072, 0.371264, 0.670464, 0.470048
IM2COL, 4, OVERHEAD, 0.01, 0.01, 0.01, 0.01, 0.01
IM2COL, 8, TOTAL, 7.46291, 7.11942, 3.9832, 5.37658, 4.05379
IM2COL, 8, CONV, 0.776544, 1.81014, 0.728992, 1.32435, 0.922464
IM2COL, 8, OVERHEAD, 0.01, 0.01, 0.01, 0.01, 0.01
FFT, 1, TOTAL, 243.305, 32.4785, 58.993, 99.8761, 94.6446
FFT, 1, CONV, 224.62, 10.4767, 27.5928, 39.321, 31.5205
FFT, 1, OVERHEAD, 2.83968, 3.09104, 3.59309, 4.70301, 3.50218
FFT, 2, TOTAL, 36.5148, 48.156, 108.041, 170.73, 139.241
FFT, 2, CONV, 9.52998, 10.6145, 57.6586, 78.3293, 56.5582
FFT, 2, OVERHEAD, 3.1817, 3.37987, 3.81309, 5.02038, 3.51187
FFT, 4, TOTAL, 59.078, 83.5561, 219.354, 286.625, 231.449
FFT, 4, CONV, 16.0855, 19.7011, 117.835, 153.321, 111.692
FFT, 4, OVERHEAD, 3.89507, 3.94317, 4.3552, 5.41715, 4.06493
FFT, 8, TOTAL, 109.783, 152.971, 407.835, 550.308, 402.082
FFT, 8, CONV, 28.7181, 37.2786, 238.376, 309.022, 223.649
FFT, 8, OVERHEAD, 5.29399, 5.14211, 5.38608, 6.54976, 4.64989
FFT, 1, TOTAL, 25.006, 32.1651, 61.7424, 106.934, 92.0521
FFT, 1, CONV, 6.35312, 6.44515, 27.3392, 39.2873, 28.6794
FFT, 1, OVERHEAD, 2.74269, 3.05139, 3.61075, 4.5601, 3.51757
FFT, 2, TOTAL, 37.9811, 48.5655, 111.134, 159.139, 131.716
FFT, 2, CONV, 9.5575, 10.7206, 57.5552, 79.4368, 55.8556
FFT, 2, OVERHEAD, 3.1576, 3.36106, 3.84467, 4.96819, 3.41715
FFT, 4, TOTAL, 58.8228, 84.1301, 210.775, 311.403, 225.015
FFT, 4, CONV, 15.9342, 19.0812, 117.791, 156.046, 111.75
FFT, 4, OVERHEAD, 3.88365, 3.93811, 4.34291, 5.5697, 4.00237
FFT, 8, TOTAL, 104.021, 152.44, 408.236, 551.344, 401.676
FFT, 8, CONV, 29.0831, 37.2823, 238.727, 310.225, 223.737
FFT, 8, OVERHEAD, 5.36771, 5.13568, 5.41411, 6.73049, 4.61405
FFT, 1, TOTAL, 24.8534, 31.784, 58.7157, 101.024, 94.5863
FFT, 1, CONV, 6.35309, 6.35766, 27.4906, 39.3415, 31.5536
FFT, 1, OVERHEAD, 2.79261, 3.04106, 3.56032, 4.73219, 3.29411
FFT, 2, TOTAL, 36.3928, 49.1611, 111.071, 175.665, 136.673
FFT, 2, CONV, 9.55584, 10.4375, 57.3963, 78.2274, 56.6184
FFT, 2, OVERHEAD, 3.12771, 3.3416, 3.81603, 4.97216, 3.68883
FFT, 4, TOTAL, 62.0494, 83.5968, 209.966, 289.729, 222.878
FFT, 4, CONV, 16.0286, 19.6234, 117.832, 154.123, 112.012
FFT, 4, OVERHEAD, 3.90282, 3.9817, 4.33466, 5.45498, 3.70262
FFT, 8, TOTAL, 110.611, 156.136, 408.348, 552.242, 401.648
FFT, 8, CONV, 29.1341, 36.8443, 238.649, 309.069, 223.783
FFT, 8, OVERHEAD, 5.29827, 5.19696, 5.40285, 6.74698, 4.75459
CUDNN, 1, TOTAL, 11.7721, 0.763744, 0.906304, 1.09565, 0.792704
CUDNN, 1, CONV, 0, 0, 0, 0, 0
CUDNN, 1, OVERHEAD, 0, 0, 0, 0, 0
CUDNN, 2, TOTAL, 0.992064, 0.966976, 0.924224, 1.21322, 0.87008
CUDNN, 2, CONV, 0, 0, 0, 0, 0
CUDNN, 2, OVERHEAD, 0, 0, 0, 0, 0
CUDNN, 4, TOTAL, 1.2769, 1.33293, 1.11834, 1.65101, 1.16589
CUDNN, 4, CONV, 0, 0, 0, 0, 0
CUDNN, 4, OVERHEAD, 0, 0, 0, 0, 0
CUDNN, 8, TOTAL, 2.15504, 2.0336, 1.53325, 2.12915, 1.54669
CUDNN, 8, CONV, 0, 0, 0, 0, 0
CUDNN, 8, OVERHEAD, 0, 0, 0, 0, 0
CUDNN, 1, TOTAL, 0.513312, 0.74416, 0.924416, 1.21066, 0.802816
CUDNN, 1, CONV, 0, 0, 0, 0, 0
CUDNN, 1, OVERHEAD, 0, 0, 0, 0, 0
CUDNN, 2, TOTAL, 1.01197, 0.981376, 0.988192, 1.30381, 0.964608
CUDNN, 2, CONV, 0, 0, 0, 0, 0
CUDNN, 2, OVERHEAD, 0, 0, 0, 0, 0
CUDNN, 4, TOTAL, 1.41386, 1.27744, 1.25402, 1.68474, 1.04432
CUDNN, 4, CONV, 0, 0, 0, 0, 0
CUDNN, 4, OVERHEAD, 0, 0, 0, 0, 0
CUDNN, 8, TOTAL, 2.13523, 1.88125, 1.44288, 2.05062, 1.48739
CUDNN, 8, CONV, 0, 0, 0, 0, 0
CUDNN, 8, OVERHEAD, 0, 0, 0, 0, 0
CUDNN, 1, TOTAL, 0.513344, 0.754336, 0.89456, 1.13773, 0.78784
CUDNN, 1, CONV, 0, 0, 0, 0, 0
CUDNN, 1, OVERHEAD, 0, 0, 0, 0, 0
CUDNN, 2, TOTAL, 0.948896, 1.02189, 0.974528, 1.31117, 0.875744
CUDNN, 2, CONV, 0, 0, 0, 0, 0
CUDNN, 2, OVERHEAD, 0, 0, 0, 0, 0
CUDNN, 4, TOTAL, 1.27664, 1.37136, 1.13002, 1.62822, 1.09683
CUDNN, 4, CONV, 0, 0, 0, 0, 0
CUDNN, 4, OVERHEAD, 0, 0, 0, 0, 0
CUDNN, 8, TOTAL, 2.10406, 1.9392, 1.45411, 2.09235, 1.47747
CUDNN, 8, CONV, 0, 0, 0, 0, 0
CUDNN, 8, OVERHEAD, 0, 0, 0, 0, 0
