DIRECT, 1, TOTAL, 29.9255, 295.372, 124.372, 231.453, 111.848, 279.381, 288.056, 288.123, 136.798, 270.804, 270.853, 271.087, 70.3112, 70.3168, 70.695, 70.5107
DIRECT, 1, CONV, 17.2186, 258.343, 114.452, 215.722, 105.636, 269.644, 278.393, 278.375, 131.956, 262.821, 262.94, 262.905, 66.6677, 66.6515, 66.6333, 66.6839
DIRECT, 1, OVERHEAD, 0.495104, 10.4628, 2.42461, 4.46954, 1.11709, 2.22342, 2.22285, 2.22515, 0.59488, 1.19302, 1.1911, 1.19347, 0.338624, 0.333088, 0.339936, 0.338048
DIRECT, 2, TOTAL, 38.2391, 481.973, 229.547, 450.955, 220.898, 515.521, 516.67, 517.677, 258.937, 521.328, 521.252, 521.323, 132.816, 132.627, 132.88, 132.909
DIRECT, 2, CONV, 23.6943, 425.431, 211.695, 421.623, 210.605, 498.576, 499.488, 500.571, 251.358, 509.833, 509.767, 509.879, 127.629, 127.441, 127.726, 127.712
DIRECT, 2, OVERHEAD, 0.806208, 16.9421, 4.30294, 8.58778, 2.23821, 4.44934, 4.45155, 4.45926, 1.18986, 2.38234, 2.38099, 2.38522, 0.673984, 0.674016, 0.673792, 0.676224
DIRECT, 4, TOTAL, 71.8009, 963.569, 459.28, 904.094, 445.128, 981.815, 982.992, 983.577, 487.539, 1026.82, 1025.94, 1027.13, 257.718, 257.863, 257.684, 257.915
DIRECT, 4, CONV, 44.3607, 852.623, 422.289, 847.074, 425.298, 950.802, 950.752, 950.932, 475.379, 1007.22, 1007.24, 1007.48, 250.061, 250.13, 249.994, 250.114
DIRECT, 4, OVERHEAD, 1.6105, 33.878, 8.61328, 17.1963, 4.48522, 8.91446, 8.91578, 8.90739, 2.3696, 4.77302, 4.76749, 4.77299, 1.34672, 1.35229, 1.35562, 1.34611
DIRECT, 8, TOTAL, 139.058, 1941.37, 914.481, 1812.44, 936.518, 1896.43, 1896.64, 1895.79, 939.011, 2048.32, 2048.47, 2048, 513.204, 513.206, 512.815, 513.202
DIRECT, 8, CONV, 87.5489, 1721.58, 846.393, 1700.06, 898.656, 1834.7, 1834.83, 1834.46, 915.646, 2012, 2013.25, 2011.88, 500.632, 500.602, 500.283, 500.627
DIRECT, 8, OVERHEAD, 3.23475, 67.762, 17.228, 34.3877, 8.9479, 17.8095, 17.8076, 17.8207, 4.75914, 9.53933, 9.53824, 9.54195, 2.69098, 2.68947, 2.68394, 2.69651
DIRECT, 1, TOTAL, 21.3953, 244.353, 118.217, 229.485, 111.963, 288.078, 282.56, 282.145, 137.056, 270.52, 270.898, 270.538, 70.9052, 71.0478, 70.9882, 71.0387
DIRECT, 1, CONV, 13.74, 214.358, 107.558, 212.897, 105.624, 277.849, 272.537, 272.159, 131.883, 262.748, 263.044, 262.892, 66.6701, 66.7191, 66.6644, 66.4641
DIRECT, 1, OVERHEAD, 0.401184, 8.46694, 2.1527, 4.29117, 1.11405, 2.22368, 2.22592, 2.23123, 0.596096, 1.19264, 1.19824, 1.19434, 0.338912, 0.335232, 0.333728, 0.337952
DIRECT, 2, TOTAL, 38.3406, 481.54, 229.79, 454.269, 221.81, 518.93, 519.649, 519.813, 259.622, 520.134, 520.495, 521.628, 133.263, 133.667, 133.136, 133.283
DIRECT, 2, CONV, 24.1848, 425.32, 211.354, 421.791, 210.622, 501.691, 502.046, 502.081, 251.457, 508.61, 508.769, 508.971, 127.468, 127.67, 127.431, 127.687
DIRECT, 2, OVERHEAD, 0.812448, 16.9371, 4.31136, 8.59344, 2.23917, 4.44966, 4.45446, 4.4511, 1.18685, 2.39018, 2.38278, 2.38525, 0.672224, 0.672096, 0.679104, 0.670528
DIRECT, 4, TOTAL, 70.09, 965.855, 461.857, 906.839, 443.995, 982.317, 983.247, 982.839, 487.411, 1029.45, 1029.56, 1030.47, 258.716, 258.343, 258.372, 258.295
DIRECT, 4, CONV, 44.1702, 852.451, 421.859, 846.494, 424.375, 950.531, 950.444, 950.934, 475.386, 1010.1, 1009.84, 1010.01, 250.317, 250.38, 250.301, 250.332
DIRECT, 4, OVERHEAD, 1.61037, 33.8752, 8.61619, 17.1914, 4.46771, 8.89974, 8.90518, 8.90531, 2.36381, 4.76944, 4.76102, 4.76864, 1.34771, 1.34538, 1.33443, 1.35178
DIRECT, 8, TOTAL, 137.425, 1939.88, 916.126, 1811.76, 935.867, 1896.22, 1895.52, 1894.58, 938.136, 2043.21, 2043.45, 2043.92, 512.617, 512.692, 512.633, 512.695
DIRECT, 8, CONV, 86.8157, 1721.75, 846.18, 1700.02, 899.455, 1834.88, 1834.66, 1834.44, 915.441, 2008.7, 2008.81, 2008.94, 500.441, 500.492, 500.507, 500.478
DIRECT, 8, OVERHEAD, 3.24765, 67.7737, 17.2114, 34.3876, 8.93738, 17.8142, 17.8018, 17.8213, 4.75347, 9.53837, 9.54157, 9.55107, 2.69795, 2.69536, 2.70192, 2.71104
DIRECT, 1, TOTAL, 21.9196, 243.802, 117.58, 229.026, 112.625, 278.558, 280.769, 275.28, 136.546, 271.151, 270.513, 270.813, 70.416, 70.409, 70.2894, 70.3849
DIRECT, 1, CONV, 14.7395, 214.578, 107.429, 213.068, 105.724, 268.362, 271.156, 265.709, 131.816, 263.109, 262.81, 263.115, 66.6532, 66.646, 66.693, 66.6977
DIRECT, 1, OVERHEAD, 0.403232, 8.46858, 2.14925, 4.29882, 1.11501, 2.22544, 2.22397, 2.22653, 0.595488, 1.19046, 1.1943, 1.19018, 0.33264, 0.337728, 0.33344, 0.33536
DIRECT, 2, TOTAL, 40.1182, 482.894, 230.783, 452.212, 223.257, 514.649, 514.278, 520.039, 259.287, 521.02, 521.599, 521.336, 133.284, 132.891, 133.038, 132.997
DIRECT, 2, CONV, 24.707, 425.496, 211.825, 422.337, 210.726, 496.362, 497.255, 503.076, 251.78, 509.253, 509.454, 509.512, 127.653, 127.693, 127.694, 127.699
DIRECT, 2, OVERHEAD, 0.807104, 16.9385, 4.30211, 8.59315, 2.23344, 4.45066, 4.46474, 4.44976, 1.1865, 2.38544, 2.38701, 2.38592, 0.670144, 0.671552, 0.67216, 0.67984
DIRECT, 4, TOTAL, 93.8868, 963.146, 456.358, 905.12, 447.181, 983.484, 982.167, 982.186, 487.429, 1024.77, 1024.1, 1024.29, 258.148, 258.085, 258.268, 257.983
DIRECT, 4, CONV, 44.3586, 852.177, 421.937, 847.127, 424.096, 950.798, 950.786, 950.751, 475.471, 1004.87, 1004.67, 1004.69, 250.115, 250.115, 249.973, 249.992
DIRECT, 4, OVERHEAD, 1.6159, 33.8827, 8.61574, 17.2023, 4.47808, 8.90141, 8.89997, 8.9129, 2.38134, 4.7735, 4.77472, 4.76899, 1.34592, 1.34202, 1.34054, 1.34474
DIRECT, 8, TOTAL, 138.478, 1943.54, 917.936, 1814.9, 936.339, 1898.96, 1899.19, 1899.65, 939.032, 2049.9, 2050.04, 2049.63, 514.656, 513.027, 513.432, 513.122
DIRECT, 8, CONV, 87.7967, 1722.38, 848.127, 1699.55, 898.757, 1836.52, 1836.09, 1836.55, 915.556, 2014.19, 2014.02, 2014.28, 500.574, 500.454, 500.664, 500.276
DIRECT, 8, OVERHEAD, 3.21843, 67.767, 17.235, 34.3677, 8.94717, 17.823, 17.8252, 17.8244, 4.75517, 9.55155, 9.54557, 9.56109, 2.68067, 2.69725, 2.69165, 2.69536
IM2COL, 1, TOTAL, 12.8116, 16.9056, 7.76176, 11.1575, 5.73286, 9.13498, 7.9839, 7.89526, 4.6624, 7.64291, 7.62781, 7.55046, 4.11885, 4.1488, 4.44678, 4.16291
IM2COL, 1, CONV, 0.4608, 3.01773, 1.02912, 1.96813, 0.914432, 1.79712, 1.78586, 1.79814, 0.775136, 1.47456, 1.47456, 1.47046, 0.539648, 0.535552, 0.545792, 0.539648
IM2COL, 1, OVERHEAD, 0.01, 0.01, 0.01, 0.01, 0.01, 0.01, 0.01, 0.01, 0.01, 0.01, 0.01, 0.01, 0.01, 0.01, 0.01, 0.01
IM2COL, 2, TOTAL, 13.7073, 30.0746, 13.6316, 17.7584, 8.66125, 13.782, 13.9549, 16.2079, 6.46787, 10.5469, 10.5293, 10.5457, 5.64813, 5.76477, 5.61312, 5.4617
IM2COL, 2, CONV, 0.886784, 6.0119, 2.02035, 3.90963, 1.77766, 3.47034, 3.47853, 3.46931, 1.3568, 2.63475, 2.62656, 2.61427, 0.93696, 0.932896, 0.934912, 0.928768
IM2COL, 2, OVERHEAD, 0.01, 0.01, 0.01, 0.01, 0.01, 0.01, 0.01, 0.01, 0.01, 0.01, 0.01, 0.01, 0.01, 0.01, 0.01, 0.01
IM2COL, 4, TOTAL, 24.7404, 59.9988, 22.5701, 30.3221, 14.9666, 23.2665, 24.4745, 23.5487, 10.4695, 16.4091, 16.4608, 16.2543, 7.71174, 7.63494, 7.54736, 7.6353
IM2COL, 4, CONV, 1.5401, 11.263, 3.73654, 7.19869, 3.12934, 6.08563, 6.10301, 6.09894, 2.55386, 5.03091, 5.06064, 5.0729, 1.82477, 1.8176, 1.81347, 1.81347
IM2COL, 4, OVERHEAD, 0.01, 0.01, 0.01, 0.01, 0.01, 0.01, 0.01, 0.01, 0.01, 0.01, 0.01, 0.01, 0.01, 0.01, 0.01, 0.01
IM2COL, 8, TOTAL, 47.8657, 107.758, 44.3764, 59.5611, 28.0784, 39.1773, 40.6269, 39.2006, 18.4448, 29.8577, 29.4697, 29.8685, 12.1004, 11.604, 11.6119, 11.5136
IM2COL, 8, CONV, 2.95117, 22.1389, 7.37894, 14.4813, 6.21667, 12.252, 12.2572, 12.247, 5.0985, 10.1192, 10.1017, 10.1528, 3.63926, 3.62602, 3.62598, 3.62803
IM2COL, 8, OVERHEAD, 0.01, 0.01, 0.01, 0.01, 0.01, 0.01, 0.01, 0.01, 0.01, 0.01, 0.01, 0.01, 0.01, 0.01, 0.01, 0.01
IM2COL, 1, TOTAL, 7.43562, 16.5363, 7.27942, 10.8789, 5.03984, 7.26947, 7.2561, 7.39277, 4.61427, 7.03613, 7.05299, 7.04573, 4.50784, 4.61728, 4.50605, 4.49706
IM2COL, 1, CONV, 0.386016, 2.7945, 0.917504, 1.78995, 0.782336, 1.53088, 1.536, 1.53498, 0.65024, 1.28, 1.26157, 1.23187, 0.462784, 0.458752, 0.4608, 0.456704
IM2COL, 1, OVERHEAD, 0.01, 0.01, 0.01, 0.01, 0.01, 0.01, 0.01, 0.01, 0.01, 0.01, 0.01, 0.01, 0.01, 0.01, 0.01, 0.01
IM2COL, 2, TOTAL, 13.1128, 29.9712, 14.5196, 20.4586, 8.30208, 12.7339, 12.6168, 12.5724, 6.38877, 10.2373, 10.3913, 10.606, 5.53981, 5.6776, 5.51942, 5.53069
IM2COL, 2, CONV, 0.750592, 5.56544, 1.83706, 3.57171, 1.54931, 3.07814, 3.06586, 3.06278, 1.28614, 2.54669, 2.51085, 2.50675, 0.9216, 0.910336, 0.910336, 0.914432
IM2COL, 2, OVERHEAD, 0.01, 0.01, 0.01, 0.01, 0.01, 0.01, 0.01, 0.01, 0.01, 0.01, 0.01, 0.01, 0.01, 0.01, 0.01, 0.01
IM2COL, 4, TOTAL, 25.2849, 60.6144, 25.6068, 33.6359, 15.7017, 23.8775, 23.7377, 23.8033, 10.6857, 17.504, 17.2484, 17.2516, 8.228, 8.10205, 8.04365, 7.99437
IM2COL, 4, CONV, 1.48176, 11.0244, 3.69357, 7.12806, 3.12525, 6.13786, 6.12963, 6.14298, 2.56925, 5.07078, 5.12816, 5.07085, 1.81862, 1.82374, 1.82272, 1.82368
IM2COL, 4, OVERHEAD, 0.01, 0.01, 0.01, 0.01, 0.01, 0.01, 0.01, 0.01, 0.01, 0.01, 0.01, 0.01, 0.01, 0.01, 0.01, 0.01
IM2COL, 8, TOTAL, 48.9094, 108.114, 45.0617, 61.783, 25.4446, 39.558, 39.2712, 39.4685, 18.1594, 29.5652, 29.4947, 30.0272, 11.6111, 12.5419, 11.3863, 11.3502
IM2COL, 8, CONV, 2.96346, 22.1204, 7.27658, 14.4087, 6.24026, 12.2604, 12.2511, 12.2593, 5.15277, 10.1038, 10.0874, 10.154, 3.61968, 3.63418, 3.61165, 3.61062
IM2COL, 8, OVERHEAD, 0.01, 0.01, 0.01, 0.01, 0.01, 0.01, 0.01, 0.01, 0.01, 0.01, 0.01, 0.01, 0.01, 0.01, 0.01, 0.01
IM2COL, 1, TOTAL, 7.70397, 17.5675, 7.30458, 10.642, 4.78864, 7.45366, 7.44234, 7.28518, 4.38954, 7.05664, 7.0625, 7.03216, 3.94826, 4.02483, 4.38381, 4.33002
IM2COL, 1, CONV, 0.386048, 2.79552, 0.925664, 1.79098, 0.785408, 1.52883, 1.5401, 1.53498, 0.662528, 1.26566, 1.27078, 1.25542, 0.46592, 0.45568, 0.45568, 0.462848
IM2COL, 1, OVERHEAD, 0.01, 0.01, 0.01, 0.01, 0.01, 0.01, 0.01, 0.01, 0.01, 0.01, 0.01, 0.01, 0.01, 0.01, 0.01, 0.01
IM2COL, 2, TOTAL, 13.222, 29.1442, 13.3388, 17.4802, 8.05136, 13.561, 12.7831, 12.7795, 6.3441, 10.3148, 10.307, 10.3408, 5.5801, 5.57946, 5.64522, 5.70986
IM2COL, 2, CONV, 0.75264, 5.56954, 1.82579, 3.64442, 1.55955, 3.07814, 3.07098, 3.05869, 1.30458, 2.54054, 2.52928, 2.55283, 0.918592, 0.908288, 0.907264, 0.911296
IM2COL, 2, OVERHEAD, 0.01, 0.01, 0.01, 0.01, 0.01, 0.01, 0.01, 0.01, 0.01, 0.01, 0.01, 0.01, 0.01, 0.01, 0.01, 0.01
IM2COL, 4, TOTAL, 24.9037, 59.6462, 22.6877, 30.7356, 14.6852, 23.4767, 23.5888, 23.9872, 10.144, 16.9544, 16.6586, 17.0449, 7.65229, 7.56454, 7.55379, 7.80195
IM2COL, 4, CONV, 1.48378, 11.1513, 3.68947, 7.21613, 3.11501, 6.13376, 6.13069, 6.1184, 2.57946, 5.08106, 5.09338, 5.0647, 1.82067, 1.80736, 1.80736, 1.82272
IM2COL, 4, OVERHEAD, 0.01, 0.01, 0.01, 0.01, 0.01, 0.01, 0.01, 0.01, 0.01, 0.01, 0.01, 0.01, 0.01, 0.01, 0.01, 0.01
IM2COL, 8, TOTAL, 50.2218, 111.539, 44.8417, 60.5582, 28.8284, 39.5837, 39.2075, 40.317, 17.9681, 30.317, 29.5718, 29.4139, 11.3823, 11.4376, 11.3778, 11.4219
IM2COL, 8, CONV, 2.95936, 22.1152, 7.30723, 14.5562, 6.22182, 12.2532, 12.2532, 12.2696, 5.05549, 10.2083, 10.154, 10.1836, 3.6168, 3.62598, 3.61062, 3.61882
IM2COL, 8, OVERHEAD, 0.01, 0.01, 0.01, 0.01, 0.01, 0.01, 0.01, 0.01, 0.01, 0.01, 0.01, 0.01, 0.01, 0.01, 0.01, 0.01
FFT, 1, TOTAL, 286.182, 845.495, 413.758, 788.664, 385.841, 732.102, 741.039, 765.595, 393.455, 796.512, 822.152, 813.418, 241.808, 216.047, 212.613, 211.774
FFT, 1, CONV, 232.577, 297.087, 158.88, 376.343, 114.673, 296.927, 297.3, 322.129, 140.005, 267.203, 269.669, 269.622, 81.7142, 72.917, 73.5795, 72.9487
FFT, 1, OVERHEAD, 21.2987, 336.276, 144.844, 287.832, 158.091, 305.277, 312.863, 313.468, 141.796, 269.142, 274.326, 273.439, 60.6352, 56.932, 55.6045, 55.1255
FFT, 2, TOTAL, 86.6619, 1190.7, 547.01, 1160.45, 493.785, 1078.41, 1074.89, 1094.28, 537.8, 1179.87, 1189.83, 1186.29, 328.095, 292.448, 293.095, 292.624
FFT, 2, CONV, 22.3508, 538.531, 247.412, 447.186, 180.236, 323.505, 417.053, 328.561, 222.177, 421.282, 419.738, 417.725, 128.061, 116.871, 116.653, 116.895
FFT, 2, OVERHEAD, 23.701, 361.599, 154.17, 302.481, 165.684, 317.28, 329.637, 324.166, 149.561, 287.324, 290.618, 289.345, 65.61, 60.6781, 60.3539, 61.0572
FFT, 4, TOTAL, 138.674, 1914.02, 804.973, 1851.34, 727.761, 1700.87, 1749.73, 1750.52, 800.798, 1937.86, 1942.48, 1944.62, 470.325, 422.548, 423.481, 422.969
FFT, 4, CONV, 38.0846, 955.363, 422.291, 851.207, 313.324, 642.973, 556.446, 556.35, 389.371, 723.007, 724.926, 719.663, 214.538, 208.123, 208.06, 208.336
FFT, 4, OVERHEAD, 33.2953, 409.469, 177.435, 341.53, 183.335, 355.387, 357.206, 358.045, 168.065, 322.067, 326.079, 326.015, 76.8708, 71.2011, 71.0129, 71.4923
FFT, 8, TOTAL, 249.232, 3437.98, 1377.27, 3325.34, 1166.9, 3028.82, 3074.54, 3071.74, 1339.82, 3442.05, 3461.23, 3476.51, 760.012, 717.912, 713.595, 712.64
FFT, 8, CONV, 69.1229, 1512.05, 779.997, 1486.96, 578.286, 1037.27, 1131.21, 1129.89, 721.533, 1330.26, 1310.66, 1333.95, 390.951, 387.867, 387.679, 387.589
FFT, 8, OVERHEAD, 55.3494, 494.583, 224.799, 415.692, 226.015, 421.715, 427.844, 425.638, 210.626, 393.682, 396.263, 396.293, 97.9984, 92.5553, 92.1695, 92.6055
FFT, 1, TOTAL, 57.3346, 840.101, 412.674, 792.263, 389.72, 730.663, 743.579, 770.713, 402.764, 797.015, 812.916, 814.229, 247.221, 217.093, 214.408, 215.595
FFT, 1, CONV, 14.5377, 296.114, 158.548, 377.157, 113.576, 297.843, 297.871, 324.697, 138.694, 268.052, 269.764, 270.609, 82.6829, 72.9201, 72.9498, 73.515
FFT, 1, OVERHEAD, 17.8285, 336.68, 145.546, 287.196, 157.19, 305.015, 314.329, 313.822, 140.288, 267.721, 272.897, 273.661, 60.7684, 56.781, 55.7082, 55.9618
FFT, 2, TOTAL, 86.4125, 1193.91, 549.261, 1137.68, 504.086, 1080.56, 1076.85, 1092.35, 540.293, 1188.43, 1189.79, 1199.98, 328.152, 275.73, 276.408, 276.851
FFT, 2, CONV, 22.4082, 540.209, 247.334, 530.76, 180.763, 323.749, 414.751, 326.285, 221.925, 421.073, 417.133, 421.278, 126.776, 118.3, 118.003, 118.159
FFT, 2, OVERHEAD, 23.4967, 360.536, 154.427, 305.23, 165.832, 318.122, 330.325, 324.51, 149.413, 284.988, 290.739, 290.463, 66.1334, 60.3651, 60.4388, 60.4465
FFT, 4, TOTAL, 137.546, 1972.81, 802.426, 1874.98, 730.236, 1696.94, 1751.16, 1749.78, 802.109, 1935.62, 1960.19, 1946.73, 494.773, 437.462, 439.524, 439.477
FFT, 4, CONV, 38.0303, 783.427, 422.59, 767.123, 313.898, 641.799, 557.211, 556.674, 388.989, 725.291, 724.75, 717.18, 211.916, 204.182, 205.35, 204.816
FFT, 4, OVERHEAD, 33.1476, 401.655, 177.32, 338.11, 182.527, 354.884, 357.998, 358.175, 169.185, 321.866, 326.712, 326.232, 76.5131, 71.4452, 70.9465, 71.2519
FFT, 8, TOTAL, 245.739, 3479.01, 1382.46, 3320.06, 1167.68, 3028.23, 3072.4, 3068.18, 1330.89, 3437.46, 3462.38, 3488.98, 763.117, 711.99, 713.388, 714.641
FFT, 8, CONV, 69.6474, 1516.7, 780.899, 1485.91, 577.814, 1036.79, 1129.46, 1128.19, 719.333, 1326.47, 1313.98, 1333.45, 393.844, 387.941, 386.108, 389.064
FFT, 8, OVERHEAD, 52.8672, 494.687, 224.551, 415.618, 225.905, 420.509, 426.384, 425.114, 211.127, 393.399, 396.682, 396.431, 98.3438, 92.58, 92.9585, 92.6015
FFT, 1, TOTAL, 56.7609, 838.138, 415.878, 788.883, 385.678, 731.322, 743.332, 767.749, 394.036, 808.934, 812.469, 847.508, 243.504, 215.369, 214.328, 214.437
FFT, 1, CONV, 14.6964, 296.43, 159.571, 378.216, 113.547, 297.405, 298.931, 323.962, 139.81, 269.807, 270.353, 298.216, 81.7223, 73.0388, 73.0931, 73.4853
FFT, 1, OVERHEAD, 17.9797, 336.924, 145.242, 287.274, 157.872, 304.186, 312.883, 313.239, 141.463, 268.127, 273.26, 274.225, 60.7719, 56.3375, 55.6902, 55.6233
FFT, 2, TOTAL, 85.2444, 1195.57, 552.164, 1158.23, 496.861, 1082.52, 1071.85, 1098.34, 539.853, 1179.12, 1188.91, 1193.32, 323.989, 286.951, 289.308, 286.779
FFT, 2, CONV, 22.4235, 540.35, 248.492, 447.074, 180.015, 324.369, 414.369, 327.108, 222.124, 419.21, 418.89, 420.898, 128.874, 118.094, 118.196, 118.149
FFT, 2, OVERHEAD, 23.1468, 361.543, 153.944, 301.666, 166.417, 318.367, 328.165, 326.113, 149.63, 284.557, 289.997, 291.412, 65.7182, 60.2029, 60.9062, 60.2176
FFT, 4, TOTAL, 136.93, 1936.35, 804.905, 1876.66, 726.582, 1699.46, 1750.5, 1754.45, 798.448, 1937.79, 1981.74, 1948.79, 476.987, 423.269, 427.521, 423.774
FFT, 4, CONV, 37.8767, 865.891, 422.625, 766.401, 313.115, 643.028, 556.512, 556.503, 387.421, 723.375, 756.503, 717.819, 214.031, 208.065, 208.582, 208.54
FFT, 4, OVERHEAD, 32.8403, 404.664, 178.164, 337.85, 182.46, 356.321, 358.346, 358.853, 168.615, 321.353, 326.291, 327.797, 76.8375, 71.5767, 71.4251, 71.3838
FFT, 8, TOTAL, 248.553, 3460.44, 1379.79, 3325.9, 1169.7, 3026.54, 3068.85, 3069.6, 1333.84, 3452.07, 3506.41, 3453.1, 762.995, 715.855, 712.486, 711.911
FFT, 8, CONV, 69.4119, 1516.9, 780.461, 1477.43, 578.82, 1036.28, 1126.93, 1127.89, 719.401, 1327.39, 1342.89, 1312.37, 390.882, 390.163, 389.911, 387.857
FFT, 8, OVERHEAD, 54.3107, 493.501, 224.813, 416.194, 225.178, 420.642, 426.91, 425.638, 211.134, 392.88, 397.542, 396.085, 97.6632, 92.1695, 92.5158, 92.0855
WINOGRAD, 1, TOTAL, 63.262, 559.267, 315.446, 561.963, 335.546, 561.067, 665.752, 667.789, 399.894, 877.807, 750.078, 752.084, 243.525, 219.789, 203.82, 210.988
WINOGRAD, 1, CONV, 30.2008, 497.665, 257.635, 497.67, 278.766, 494.239, 510.361, 512.751, 341.197, 813.302, 598.746, 602.624, 197.11, 187.752, 171.888, 180.123
WINOGRAD, 1, OVERHEAD, 14.0042, 23.8906, 8.45126, 12.1117, 3.68819, 5.99837, 5.92048, 6.08614, 2.35699, 5.65843, 5.76698, 6.2985, 3.50746, 3.35939, 2.95315, 2.68755
WINOGRAD, 2, TOTAL, 115.713, 1018.77, 546.302, 1071.55, 595.515, 1055.88, 1186.08, 1174.94, 667.988, 1387.12, 1364.91, 1354.5, 438.182, 346.895, 434.323, 390.626
WINOGRAD, 2, CONV, 59.9736, 912.068, 494.317, 998.114, 526.06, 989.942, 1035.96, 1024.9, 597.593, 1320.39, 1215.32, 1203.15, 377.913, 311.578, 399.158, 355.398
WINOGRAD, 2, OVERHEAD, 33.5343, 58.9676, 22.4264, 29.8596, 11.7123, 15.6415, 15.7003, 15.6371, 5.81693, 8.98819, 10.159, 9.82979, 5.04688, 2.84787, 2.80138, 3.03443
WINOGRAD, 4, TOTAL, 226.954, 2013.59, 1090.8, 2129.96, 1113.53, 2144.73, 2141.34, 2133.09, 1259.71, 2967.94, 2598.12, 2603.87, 932.806, 870.191, 864.011, 845.934
WINOGRAD, 4, CONV, 118.598, 1811.8, 1000.55, 2013.93, 1051.06, 2068.6, 2000.62, 1997.15, 1183.43, 2902.42, 2452.67, 2458.43, 858.535, 838.119, 831.344, 813.222
WINOGRAD, 4, OVERHEAD, 71.8707, 127.82, 50.9049, 64.2403, 27.3962, 33.5466, 36.3074, 33.756, 13.9202, 19.3196, 20.9539, 22.3954, 6.96858, 4.50662, 4.632, 4.52102
WINOGRAD, 8, TOTAL, 452.12, 4012.34, 2128.42, 4237.45, 2157.34, 4245.55, 4243.77, 4243.03, 2437.23, 4979.81, 5016.13, 5052.4, 1462.13, 1855.57, 1854.87, 1830.5
WINOGRAD, 8, CONV, 242.517, 3635.18, 1964.96, 4030.53, 2054.44, 4120.79, 4113.12, 4116.25, 2374.88, 4898.21, 4885.68, 4921.94, 1391.77, 1814.99, 1814.49, 1790.33
WINOGRAD, 8, OVERHEAD, 151.25, 264.661, 105.185, 129.835, 57.9727, 71.9644, 72.3629, 73.4902, 28.2115, 37.328, 38.8777, 37.7679, 12.0626, 11.2092, 10.7151, 10.8401
WINOGRAD, 1, TOTAL, 58.8495, 517.832, 314.672, 576.39, 338.696, 581.688, 651.483, 653.58, 408.262, 801.834, 989.08, 823.922, 294.02, 201.581, 193.88, 207.947
WINOGRAD, 1, CONV, 29.099, 454.123, 248.82, 509.327, 275.358, 514.256, 496.048, 499.963, 342.987, 734.097, 834.962, 670.553, 234.481, 166.473, 158.897, 172.724
WINOGRAD, 1, OVERHEAD, 13.0229, 24.2912, 8.22278, 12.2299, 3.85642, 5.96368, 6.05277, 6.08704, 2.10797, 4.79715, 6.13862, 4.80298, 4.4063, 2.62307, 2.29315, 3.4888
WINOGRAD, 2, TOTAL, 115.611, 1015.7, 554.463, 1080.18, 594.43, 1106.23, 1145.37, 1152.11, 676.255, 1575.7, 1609.78, 1607.15, 393.794, 477.146, 479.008, 483.421
WINOGRAD, 2, CONV, 59.6019, 905.917, 498.904, 1007.96, 520.168, 1037.89, 995.237, 1003.25, 604.995, 1507.59, 1456.29, 1456.56, 328.971, 451.243, 453.841, 458.314
WINOGRAD, 2, OVERHEAD, 33.1665, 58.968, 22.574, 29.9441, 11.711, 15.4605, 15.5459, 15.3144, 5.97818, 9.31744, 9.57494, 10.4112, 4.8888, 2.9985, 3.01824, 2.98253
WINOGRAD, 4, TOTAL, 227.184, 2023.3, 1097.45, 2124.25, 1093.22, 2070.62, 2194.36, 2195.51, 1275.84, 2748.12, 3500.3, 3503.3, 694.113, 624.043, 628.906, 632.272
WINOGRAD, 4, CONV, 118.404, 1816.14, 1002.98, 2008.87, 1028.78, 1993.22, 2057.5, 2060.31, 1198.26, 2681.89, 3355.96, 3358.05, 618.728, 590.416, 594.688, 598.881
WINOGRAD, 4, OVERHEAD, 71.1363, 128.559, 51.1317, 64.3885, 27.5666, 33.8532, 35.7244, 34.4262, 14.7636, 19.1332, 20.6294, 21.1837, 7.00032, 5.88019, 5.76198, 5.74518
WINOGRAD, 8, TOTAL, 444.173, 4010.62, 2141.4, 4239.77, 2178.28, 4253.02, 4241.9, 4247.81, 2436.48, 6051.95, 6180.54, 4955.03, 1909.13, 1252.66, 1257.49, 1243.06
WINOGRAD, 8, CONV, 236.478, 3633.69, 1978.45, 4034.16, 2076.14, 4128.38, 4112.34, 4120.75, 2369.6, 5971.22, 6050.5, 4820.2, 1837.31, 1213.8, 1217.83, 1202.24
WINOGRAD, 8, OVERHEAD, 151.988, 263.897, 105.149, 130.332, 57.3484, 72.6333, 71.8829, 71.4234, 28.6243, 36.722, 37.7188, 38.4456, 11.8863, 9.50195, 9.8496, 9.97571
WINOGRAD, 1, TOTAL, 59.3061, 516.373, 316.165, 580.436, 336.581, 577.455, 654.15, 654.463, 372.196, 807.493, 783.617, 775.951, 234.72, 238.956, 238.532, 242.144
WINOGRAD, 1, CONV, 29.8301, 453.554, 258.2, 508.053, 278.793, 510.339, 498.057, 499.028, 312.626, 740.567, 628.924, 621.977, 187.146, 205.885, 204.558, 209.169
WINOGRAD, 1, OVERHEAD, 13.063, 24.2504, 8.31059, 12.3441, 3.62038, 5.88022, 6.08771, 6.0048, 2.38707, 5.61251, 6.35437, 5.78384, 4.47699, 4.35891, 4.10544, 3.392
WINOGRAD, 2, TOTAL, 115.691, 1014.74, 543.907, 1085.51, 587.446, 1093.29, 1155.92, 1145.95, 688.268, 1285.72, 1384.09, 1396.67, 492.229, 340.737, 394.707, 337.156
WINOGRAD, 2, CONV, 59.9736, 906.864, 489.429, 1014.66, 518.962, 1023.77, 1006.62, 995.543, 618.324, 1216.39, 1233.3, 1242.21, 434.341, 305.96, 357.889, 301.424
WINOGRAD, 2, OVERHEAD, 33.4083, 59.2482, 22.3621, 29.9396, 11.5673, 15.6363, 15.2711, 15.5821, 6.15178, 8.60656, 10.8587, 9.43792, 3.96502, 2.9873, 3.88272, 2.63706
WINOGRAD, 4, TOTAL, 225.945, 2017.23, 1084.22, 2126.97, 1099.32, 2140.78, 2135, 2149.7, 1250.81, 2971.15, 2581.65, 2582.01, 905.286, 876.075, 870.757, 856.158
WINOGRAD, 4, CONV, 117.331, 1814.34, 992.769, 2011.42, 1034.44, 2064.93, 1997.45, 2010.39, 1173.73, 2904.57, 2437.86, 2440.67, 831.291, 843.49, 838.602, 823.851
WINOGRAD, 4, OVERHEAD, 72.1036, 125.941, 51.4409, 64.3535, 27.2128, 33.7597, 34.6776, 34.7276, 15.1919, 19.6166, 20.1674, 20.1314, 6.87386, 4.59069, 4.51715, 4.80544
WINOGRAD, 8, TOTAL, 446.293, 3971.48, 2103.91, 4216.25, 2148.07, 4208.9, 4194.08, 4207.08, 2432.79, 4931.95, 5001.36, 5030.38, 1481.68, 1863.26, 1840.15, 1816.26
WINOGRAD, 8, CONV, 238.028, 3593.53, 1938.33, 4008.03, 2045.38, 4086.72, 4068, 4080.62, 2367.32, 4849.44, 4870.86, 4904.95, 1412.2, 1822.72, 1799.47, 1775.65
WINOGRAD, 8, OVERHEAD, 151.965, 265.243, 104.777, 129.834, 58.8906, 69.8572, 69.7907, 70.1967, 28.3795, 36.4108, 39.2792, 39.134, 10.9548, 11.1237, 11.1087, 11.2392
CUDNN, 1, TOTAL, 0.863232, 5.20602, 2.01843, 3.49939, 1.70163, 2.83981, 2.87718, 2.81069, 2.24496, 3.99744, 4.05213, 4.06515, 2.7928, 2.8824, 2.76858, 2.88742
CUDNN, 1, CONV, 0, 0, 0, 0, 0, 0, 0, 0, 0, 0, 0, 0, 0, 0, 0, 0
CUDNN, 1, OVERHEAD, 0, 0, 0, 0, 0, 0, 0, 0, 0, 0, 0, 0, 0, 0, 0, 0
CUDNN, 2, TOTAL, 1.74182, 11.4864, 3.33859, 5.77053, 2.49939, 4.33254, 4.34173, 4.30989, 2.97197, 5.14614, 5.22976, 5.15942, 3.78358, 3.46198, 3.44723, 3.40461
CUDNN, 2, CONV, 0, 0, 0, 0, 0, 0, 0, 0, 0, 0, 0, 0, 0, 0, 0, 0
CUDNN, 2, OVERHEAD, 0, 0, 0, 0, 0, 0, 0, 0, 0, 0, 0, 0, 0, 0, 0, 0
CUDNN, 4, TOTAL, 3.02387, 19.9232, 5.81434, 10.4636, 3.89482, 7.10202, 7.05373, 6.99645, 3.80138, 6.79306, 6.91606, 6.89216, 3.93632, 4.04858, 4.55949, 4.10534
CUDNN, 4, CONV, 0, 0, 0, 0, 0, 0, 0, 0, 0, 0, 0, 0, 0, 0, 0, 0
CUDNN, 4, OVERHEAD, 0, 0, 0, 0, 0, 0, 0, 0, 0, 0, 0, 0, 0, 0, 0, 0
CUDNN, 8, TOTAL, 4.37658, 39.3958, 11.0616, 19.9359, 6.97821, 12.9307, 12.8376, 12.7847, 5.79366, 10.7043, 10.7902, 10.8259, 4.99171, 4.97626, 4.88566, 4.83715
CUDNN, 8, CONV, 0, 0, 0, 0, 0, 0, 0, 0, 0, 0, 0, 0, 0, 0, 0, 0
CUDNN, 8, OVERHEAD, 0, 0, 0, 0, 0, 0, 0, 0, 0, 0, 0, 0, 0, 0, 0, 0
CUDNN, 1, TOTAL, 1.17658, 5.04682, 1.95229, 3.11005, 1.89722, 2.77642, 2.75744, 2.74192, 2.45123, 4.17725, 4.04282, 3.98624, 3.0057, 3.06083, 2.98499, 3.01827
CUDNN, 1, CONV, 0, 0, 0, 0, 0, 0, 0, 0, 0, 0, 0, 0, 0, 0, 0, 0
CUDNN, 1, OVERHEAD, 0, 0, 0, 0, 0, 0, 0, 0, 0, 0, 0, 0, 0, 0, 0, 0
CUDNN, 2, TOTAL, 1.76742, 9.51754, 3.20355, 5.70227, 2.54368, 4.18534, 4.11312, 4.22118, 2.90048, 5.02205, 5.05971, 5.49878, 3.53501, 3.31715, 3.37654, 3.36512
CUDNN, 2, CONV, 0, 0, 0, 0, 0, 0, 0, 0, 0, 0, 0, 0, 0, 0, 0, 0
CUDNN, 2, OVERHEAD, 0, 0, 0, 0, 0, 0, 0, 0, 0, 0, 0, 0, 0, 0, 0, 0
CUDNN, 4, TOTAL, 2.42278, 18.8262, 5.74566, 10.2901, 3.99642, 7.67197, 7.53136, 7.09094, 3.93322, 6.97158, 6.92045, 6.9921, 3.94835, 4.15315, 4.04006, 4.02243
CUDNN, 4, CONV, 0, 0, 0, 0, 0, 0, 0, 0, 0, 0, 0, 0, 0, 0, 0, 0
CUDNN, 4, OVERHEAD, 0, 0, 0, 0, 0, 0, 0, 0, 0, 0, 0, 0, 0, 0, 0, 0
CUDNN, 8, TOTAL, 4.5015, 38.8239, 11.7687, 20.538, 6.98182, 12.7494, 13.8167, 12.7714, 6.26986, 10.8988, 11.0823, 10.8985, 5.4537, 5.11619, 5.06, 5.05968
CUDNN, 8, CONV, 0, 0, 0, 0, 0, 0, 0, 0, 0, 0, 0, 0, 0, 0, 0, 0
CUDNN, 8, OVERHEAD, 0, 0, 0, 0, 0, 0, 0, 0, 0, 0, 0, 0, 0, 0, 0, 0
CUDNN, 1, TOTAL, 0.86528, 5.12995, 2.1921, 3.0929, 1.62467, 2.72061, 2.71302, 2.68746, 2.15213, 4.05098, 3.98592, 3.88749, 2.84378, 2.82416, 2.80157, 2.82397
CUDNN, 1, CONV, 0, 0, 0, 0, 0, 0, 0, 0, 0, 0, 0, 0, 0, 0, 0, 0
CUDNN, 1, OVERHEAD, 0, 0, 0, 0, 0, 0, 0, 0, 0, 0, 0, 0, 0, 0, 0, 0
CUDNN, 2, TOTAL, 1.70291, 10.0102, 3.27699, 5.50486, 2.34195, 4.13523, 4.1319, 4.13523, 3.07978, 4.98579, 5.07725, 5.8103, 3.43226, 3.4856, 3.61171, 3.78307
CUDNN, 2, CONV, 0, 0, 0, 0, 0, 0, 0, 0, 0, 0, 0, 0, 0, 0, 0, 0
CUDNN, 2, OVERHEAD, 0, 0, 0, 0, 0, 0, 0, 0, 0, 0, 0, 0, 0, 0, 0, 0
CUDNN, 4, TOTAL, 2.52723, 20.0836, 5.87203, 10.3763, 4.25424, 7.34954, 7.37901, 7.34461, 4.00166, 6.92835, 6.97955, 7.01571, 4.10502, 4.01232, 4.15494, 4.10522
CUDNN, 4, CONV, 0, 0, 0, 0, 0, 0, 0, 0, 0, 0, 0, 0, 0, 0, 0, 0
CUDNN, 4, OVERHEAD, 0, 0, 0, 0, 0, 0, 0, 0, 0, 0, 0, 0, 0, 0, 0, 0
CUDNN, 8, TOTAL, 4.68173, 40.7586, 11.0756, 20.1418, 6.9777, 13.0358, 13.2716, 13.2213, 6.04586, 10.8445, 10.671, 10.7633, 4.9783, 4.97046, 4.95843, 4.98432
CUDNN, 8, CONV, 0, 0, 0, 0, 0, 0, 0, 0, 0, 0, 0, 0, 0, 0, 0, 0
CUDNN, 8, OVERHEAD, 0, 0, 0, 0, 0, 0, 0, 0, 0, 0, 0, 0, 0, 0, 0, 0
